# Number and class of extrema points
975   Min
# points
4 527 10
6 363 10
7 371 10
8 157 10
9 88 10
9 1123 10
9 203 10
44 963 10
44 1038 10
56 189 10
57 1158 10
58 1064 10
61 1091 10
67 980 10
75 1057 10
79 1138 10
92 1206 10
95 1252 10
107 745 10
110 828 2
111 778 2
112 1186 2
114 1233 2
114 879 2
116 629 2
117 687 10
121 880 2
121 1082 10
121 1185 2
122 1233 2
125 729 2
126 793 10
127 984 10
128 828 2
130 880 2
134 680 2
136 728 2
138 1234 2
140 827 2
142 680 2
142 630 2
144 1186 2
145 780 2
148 828 2
149 680 2
152 780 2
153 1235 2
153 631 2
158 1187 2
161 1236 2
161 690 10
164 632 2
165 884 2
166 781 2
169 733 2
171 741 10
173 832 2
173 781 2
177 466 10
179 884 2
181 1239 2
182 642 10
186 694 10
188 433 2
189 1239 2
190 1198 10
191 884 2
195 733 2
197 784 2
201 1278 10
201 1051 10
202 843 10
203 784 2
204 899 10
204 745 10
212 1051 10
212 684 2
216 466 10
218 787 10
218 1192 2
222 635 2
222 1242 2
224 836 2
225 387 10
226 887 2
227 1142 2
227 685 2
232 1244 2
232 685 2
233 785 2
233 887 2
234 636 2
234 736 2
235 1142 2
236 1091 2
239 785 2
240 1244 2
240 887 2
241 661 10
241 459 10
242 735 2
242 683 2
244 1092 2
245 1202 10
245 635 2
245 1142 2
248 887 2
250 987 2
251 736 2
253 1042 2
254 1143 2
254 328 10
255 686 2
256 586 2
257 736 2
257 939 2
258 850 10
258 275 10
258 1093 2
260 1243 2
262 793 10
262 989 2
263 1194 2
263 1142 2
263 85 2
264 736 2
264 640 2
264 586 2
266 534 2
269 225 2
269 888 2
270 640 2
271 586 2
272 1193 2
273 482 2
274 1244 2
276 1094 2
276 992 2
276 176 2
278 686 2
278 889 2
278 226 2
279 137 10
280 796 10
280 939 2
281 1043 2
281 1203 10
282 434 2
282 1144 2
283 1245 2
286 226 2
286 482 2
286 836 2
287 636 2
290 1095 2
292 434 2
292 1044 2
294 79 2
294 125 2
294 698 10
294 992 2
295 889 2
295 939 2
296 176 2
297 1145 2
299 226 2
299 637 2
299 586 2
299 789 2
300 841 2
300 482 2
301 992 2
301 125 2
302 889 2
302 533 2
302 1094 2
306 789 2
306 1194 2
307 940 2
308 482 2
308 185 2
309 124 2
309 1247 2
310 587 2
311 80 2
312 1002 10
313 742 10
314 1195 2
315 1146 2
315 1044 2
317 789 2
318 890 2
319 645 10
320 587 2
320 1096 2
320 838 2
321 483 2
321 689 2
321 941 2
322 80 2
322 126 2
322 1246 2
323 742 10
323 1146 2
324 435 2
325 543 10
326 228 2
326 890 2
326 104 10
326 1044 2
328 126 2
328 837 2
330 587 2
331 1246 2
331 940 2
332 176 2
333 1196 2
333 228 2
334 890 2
335 689 2
335 436 2
336 791 2
336 994 2
337 587 2
339 176 2
340 903 10
340 942 2
342 638 2
343 791 2
344 741 2
345 229 2
345 482 2
345 110 10
346 839 2
346 1159 10
346 436 2
347 81 2
347 138 10
347 1097 2
348 1047 2
349 1004 10
350 942 2
351 1198 2
351 537 2
352 690 2
352 637 2
353 740 2
354 587 2
355 176 2
356 840 2
356 380 2
358 283 2
358 892 2
359 483 2
359 1096 2
360 740 2
361 81 2
361 230 2
362 1207 10
362 639 2
363 176 2
363 340 10
364 717 10
364 1008 10
365 1250 2
365 483 2
365 839 2
366 537 2
367 588 2
367 791 2
367 381 2
368 699 10
368 741 2
369 230 2
371 1098 2
372 1149 2
372 1047 2
373 483 2
374 651 10
374 894 2
376 588 2
377 281 2
378 1098 2
378 343 10
378 1251 2
378 382 2
378 178 2
379 128 2
382 945 2
382 997 2
382 437 2
384 1201 2
384 1098 2
384 842 2
385 901 10
387 1136 10
387 127 2
387 751 10
388 1251 2
388 793 2
388 485 2
390 538 2
391 179 2
393 283 2
393 127 2
393 592 2
393 1098 2
395 485 2
395 900 10
395 704 10
396 1048 2
396 231 2
396 333 2
397 84 2
397 538 2
398 945 2
399 178 2
400 1150 2
400 1251 2
400 640 2
401 851 10
401 128 2
401 1099 2
402 384 2
402 1205 2
402 485 2
403 794 2
407 448 10
408 640 2
409 1099 2
409 127 2
410 284 2
410 794 2
410 742 2
411 1251 2
411 486 2
412 591 2
412 946 2
412 692 2
412 84 2
412 539 2
414 853 10
415 1150 2
415 999 2
416 191 10
416 640 2
417 234 2
417 37 10
418 742 2
419 335 2
419 486 2
419 155 10
419 692 2
420 793 2
422 1099 2
422 894 2
422 946 2
423 806 10
423 1150 2
424 641 2
424 742 2
424 384 2
424 130 2
425 284 2
425 1253 2
426 1048 2
427 591 2
427 539 2
428 487 2
430 1100 2
430 1203 2
431 947 2
431 1150 2
432 130 2
433 844 2
433 1000 2
433 743 2
433 1254 2
433 693 2
437 181 2
437 238 2
437 285 2
438 487 2
438 335 2
438 641 2
439 590 2
439 84 2
439 946 2
440 1151 2
440 130 2
441 1253 2
442 540 2
443 1102 2
444 999 2
445 743 2
445 1203 2
446 181 2
447 1151 2
447 334 2
447 795 2
450 540 2
450 882 10
450 84 2
451 235 2
451 743 2
451 642 2
452 379 10
453 693 2
453 181 2
453 438 2
453 591 2
453 1000 2
455 334 2
455 540 2
456 847 2
456 1151 2
459 1100 2
460 1229 10
460 131 2
461 798 2
461 235 2
461 1052 2
462 1205 2
462 883 10
463 85 2
464 490 2
464 540 2
464 589 2
466 290 2
466 439 2
468 695 2
468 1153 2
469 1205 2
469 235 2
469 797 2
470 132 2
471 882 10
471 336 2
471 542 10
471 955 10
473 1101 2
473 174 2
473 1051 2
473 1002 2
474 745 2
475 1259 2
477 380 10
477 1154 2
478 647 2
478 592 2
478 131 2
480 85 2
481 1051 2
482 488 2
483 236 2
484 695 2
485 744 2
485 848 2
486 1216 10
487 1154 2
487 543 10
487 1102 2
489 1260 2
490 798 2
491 488 2
491 132 2
492 185 2
492 592 2
492 379 10
493 238 2
493 341 2
494 744 2
494 286 2
495 1216 10
496 655 10
497 695 2
497 132 2
498 440 2
499 87 2
500 1157 2
500 592 2
500 489 2
500 949 2
500 798 2
500 1064 10
501 847 2
502 1271 10
503 1120 10
505 542 2
505 695 2
506 1006 2
506 1271 10
507 798 2
508 295 2
508 237 2
508 198 10
508 1158 2
509 337 2
513 139 10
514 848 2
515 747 2
515 1158 2
515 1260 2
516 1005 2
518 799 2
518 336 2
520 1199 2
520 952 2
522 594 2
522 237 2
522 1054 2
522 1104 2
523 645 2
523 491 2
524 1159 2
524 746 2
524 849 2
524 1005 2
524 184 2
525 1261 2
527 541 2
528 799 2
529 133 2
530 338 2
530 1055 2
530 352 10
531 1005 2
531 952 2
532 747 2
533 288 2
534 184 2
534 1161 2
534 250 10
535 1106 2
535 1264 2
535 1212 2
535 492 2
537 440 2
537 652 10
537 87 2
538 800 2
539 543 2
539 1055 2
540 594 2
541 314 10
541 697 2
541 184 2
541 33 10
541 289 2
543 134 2
544 492 2
545 748 2
545 439 2
548 953 2
549 34 10
549 1159 2
550 184 2
550 698 2
550 87 2
550 1018 10
550 288 2
550 1210 2
550 658 10
551 1113 10
551 339 2
553 1263 2
553 1057 2
554 238 2
555 494 2
556 543 2
556 593 2
557 850 2
557 184 2
557 748 2
558 145 10
558 1211 2
560 954 2
560 1057 2
562 289 2
562 239 2
562 339 2
563 1264 2
564 88 2
565 1211 2
566 801 2
566 646 2
567 1057 2
568 200 10
569 748 2
570 698 2
570 493 2
570 544 2
573 1109 2
574 253 10
574 1057 2
575 595 2
575 955 2
576 544 2
576 135 2
577 441 2
577 851 2
578 1213 2
578 494 2
579 749 2
579 289 2
580 1008 2
580 1109 2
581 88 2
581 340 2
582 1266 2
583 595 2
584 135 2
585 818 10
585 440 2
586 1167 10
587 956 2
587 648 2
587 186 2
587 749 2
587 1213 2
588 546 2
590 88 2
590 290 2
592 698 2
592 594 2
593 239 2
595 1214 2
596 956 2
596 649 2
596 187 2
597 852 2
598 1112 2
598 1061 2
598 1266 2
598 1168 10
601 88 2
601 545 2
602 136 2
603 340 2
603 698 2
604 649 2
604 495 2
605 852 2
606 957 2
607 596 2
607 1111 2
607 240 2
607 1266 2
608 545 2
609 446 2
611 763 10
611 495 2
612 197 10
614 852 2
615 545 2
616 999 10
616 597 2
616 698 2
616 1216 2
617 957 2
617 1173 10
618 135 2
618 240 2
619 290 2
620 650 2
621 1113 2
621 355 10
622 853 2
622 1062 2
622 804 2
624 699 2
624 1258 2
627 597 2
628 239 2
628 1165 2
630 191 2
630 1219 2
630 136 2
631 1061 2
633 458 10
634 432 10
634 547 2
634 1269 2
634 751 2
634 651 2
635 1114 2
635 292 2
636 1165 2
636 496 2
637 1254 2
638 701 2
640 1062 2
640 866 10
641 241 2
642 92 2
646 1114 2
646 497 2
646 650 2
647 149 10
647 547 2
649 1166 2
651 292 2
651 1269 2
652 752 2
652 598 2
654 650 2
656 548 2
656 1064 2
656 497 2
657 1114 2
657 805 2
658 345 2
659 190 2
659 1166 2
659 91 2
660 240 2
661 855 2
663 705 2
663 909 10
664 1224 10
665 549 2
665 961 10
666 293 2
666 136 2
666 1269 2
666 752 2
667 1115 2
667 1167 2
667 191 2
667 444 2
668 598 2
669 807 2
670 855 2
670 1064 2
671 241 2
674 752 2
674 548 2
674 1269 2
674 344 2
675 652 2
676 190 2
676 136 2
676 599 2
677 1116 2
678 956 10
679 92 2
679 295 2
679 241 2
679 706 2
680 807 2
680 1183 10
680 1063 2
682 548 2
683 344 2
683 136 2
683 599 2
684 1269 2
687 1114 2
687 752 2
687 240 2
687 1063 2
687 1219 2
690 455 10
691 344 2
691 1075 10
691 551 2
691 612 10
692 856 2
693 512 10
694 807 2
694 752 2
696 914 10
696 1219 2
696 92 2
697 293 2
697 352 2
698 191 2
700 1270 2
702 1168 2
703 856 2
703 138 2
703 807 2
703 753 2
704 653 2
705 254 10
706 550 2
707 704 2
708 293 2
708 989 10
708 1271 2
709 92 2
712 1167 2
712 1117 2
713 908 10
713 600 2
714 855 2
714 884 10
715 1066 2
715 1221 2
716 345 2
716 755 2
716 447 2
717 137 2
717 1271 2
717 652 2
719 702 2
720 94 2
720 600 2
720 1066 2
720 551 2
720 1167 2
723 497 2
724 819 10
724 1221 2
724 447 2
725 51 10
725 344 2
726 1270 2
726 883 10
727 137 2
727 1117 2
727 652 2
728 1066 2
729 601 2
729 203 10
729 703 2
731 498 2
732 1221 2
732 295 2
732 448 2
732 243 2
733 858 2
733 94 2
734 882 10
734 1166 2
734 1270 2
735 345 2
736 137 2
737 996 10
737 601 2
741 449 2
741 882 10
741 755 2
742 1222 2
743 705 2
743 1067 2
743 1167 2
744 94 2
744 605 2
744 1271 2
744 345 2
744 856 2
744 907 10
744 295 2
746 550 2
747 653 2
748 978 10
748 809 2
749 1123 10
749 345 2
750 449 2
751 1168 2
751 705 2
751 1222 2
751 998 10
751 499 2
751 1067 2
752 883 10
752 191 2
753 856 2
753 243 2
753 940 10
755 809 2
755 93 2
756 550 2
756 652 2
757 139 2
757 904 10
757 345 2
758 960 10
759 1222 2
759 499 2
759 705 2
760 259 10
760 765 10
760 295 2
761 191 2
762 1068 2
762 652 2
762 809 2
763 884 10
764 139 2
764 1168 2
764 601 2
764 1270 2
764 345 2
766 914 10
766 1117 2
767 866 10
767 996 10
768 449 2
769 1068 2
769 552 2
770 653 2
771 499 2
772 295 2
772 193 2
772 602 2
773 138 2
774 1168 2
775 995 10
777 1223 2
777 705 2
779 869 10
779 500 2
779 93 2
780 345 2
780 1119 2
781 810 2
781 139 2
781 449 2
782 295 2
783 757 2
783 242 2
783 554 2
784 201 10
785 500 2
788 705 2
788 602 2
789 140 2
790 449 2
790 653 2
791 809 2
791 1119 2
792 94 2
792 347 2
792 756 2
793 893 10
796 500 2
796 706 2
798 601 2
798 250 10
799 307 10
799 653 2
800 923 10
803 858 2
803 549 2
804 685 10
804 247 10
804 150 10
804 93 2
805 348 2
805 449 2
805 194 2
806 500 2
807 601 2
809 430 10
810 932 10
814 449 2
815 296 2
816 347 2
818 943 10
821 95 2
822 241 2
822 193 2
823 558 10
826 141 2
831 240 10
832 96 2
833 141 2
835 193 2
851 254 10
904 45 10
912 44 10
920 43 10
